25
12 4 6 9 24 19 11 16 22 1 15 17 23 25 10 7 8 3 13 5 18 14 2 21 20
17 12 25 11 18 23 6 8 7 14 5 21 24 15 4 20 3 2 22 1 10 16 9 19 13
20 11 1 18 13 19 15 25 3 9 22 7 2 6 4 8 12 21 24 16 17 5 14 23 10
23 14 10 18 3 24 11 21 17 12 22 6 19 7 13 15 4 16 20 25 8 5 1 2 9
8 16 18 24 2 5 4 17 25 1 7 21 10 14 6 9 19 13 3 23 15 20 22 11 12
23 2 21 19 11 15 3 25 4 9 8 16 10 1 20 24 17 13 5 12 14 22 7 6 18
4 14 20 18 15 1 17 10 7 2 22 9 23 25 16 12 13 19 21 3 11 6 8 5 24
18 21 15 13 23 8 14 11 25 4 6 22 3 12 7 1 5 16 10 24 2 9 19 20 17
17 18 25 14 16 2 7 21 13 22 12 15 6 10 1 3 20 9 23 19 11 4 24 8 5
2 24 16 7 6 9 11 4 1 14 5 20 3 13 15 17 8 12 25 18 22 19 10 21 23
4 25 15 20 3 21 13 16 23 9 6 22 7 19 1 10 18 5 24 2 8 12 11 17 14
6 16 19 18 8 10 7 20 21 24 2 5 11 17 1 14 3 22 23 12 4 15 25 13 9
20 7 12 23 19 11 10 8 1 22 14 21 24 2 3 13 4 17 5 25 15 9 16 18 6
9 25 8 7 22 18 15 12 13 21 20 11 2 16 6 24 3 10 14 5 23 19 1 17 4
15 19 25 20 13 24 3 8 11 1 7 6 12 23 22 10 16 21 9 14 4 5 17 18 2
1 8 6 9 4 15 10 5 22 18 11 2 19 17 14 24 25 12 7 16 23 13 21 3 20
8 4 15 23 25 7 6 5 22 2 12 19 14 3 9 10 16 24 20 1 13 11 18 17 21
25 2 19 1 20 16 9 5 3 8 7 21 12 11 10 17 13 14 6 4 15 22 18 24 23
6 17 23 8 10 9 20 25 21 2 12 1 22 4 11 5 3 16 13 14 24 15 19 18 7
7 3 18 16 14 22 4 11 2 8 6 12 5 20 21 25 13 1 17 10 24 15 19 9 23
22 20 2 19 14 24 5 16 10 13 25 1 18 7 21 12 8 3 6 17 15 23 11 4 9
24 14 18 11 3 6 12 23 22 13 19 7 8 9 16 17 1 10 15 4 21 20 5 2 25
18 2 16 17 7 19 22 23 1 12 24 13 4 6 10 3 5 8 14 9 21 11 25 20 15
8 4 5 16 17 10 18 12 6 9 1 15 23 2 25 19 21 24 7 13 20 3 11 14 22
21 23 6 11 19 14 13 2 9 8 15 10 3 20 22 18 24 5 1 16 7 25 12 17 0